0.000000 1.000000 -2.000000 -2.000000 
0.200000 0.632322 -1.876659 -1.876659 
0.400000 0.300959 -1.898327 -1.898327 
0.600000 -0.031634 -2.062849 -2.062849 
0.800000 -0.396059 -2.378937 -2.378937 
1.000000 -0.812819 -2.860768 -2.860768 
1.200000 -1.285087 -3.520030 -3.520030 
1.400000 -1.787933 -4.356108 -4.356108 
1.600000 -2.257272 -5.347479 -5.347479 
1.800000 -2.584736 -6.449756 -6.449756 
2.000000 -2.625533 -7.605691 -7.605691 
2.200000 -2.222841 -8.767288 -8.767288 
2.400000 -1.244985 -9.920831 -9.920831 
2.600000 0.375023 -11.098014 -11.098014 
2.800000 2.608767 -12.358213 -12.358213 
3.000000 5.316862 -13.741096 -13.741096 
3.200000 8.250717 -15.208916 -15.208916 
3.400000 11.075384 -16.611300 -16.611300 
3.600000 13.420019 -17.701239 -17.701239 
3.800000 14.955812 -18.207291 -18.207291 
4.000000 15.482471 -17.934317 -17.934317 
4.200000 14.987388 -16.843874 -16.843874 
4.400000 13.645720 -15.072944 -15.072944 
4.600000 11.758162 -12.883925 -12.883925 
4.800000 9.656255 -10.575996 -10.575996 
5.000000 7.617994 -8.402590 -8.402590 
5.200000 5.822697 -6.525997 -6.525997 
5.400000 4.348447 -5.013787 -5.013787 
5.600000 3.196656 -3.862412 -3.862412 
5.800000 2.324300 -3.028902 -3.028902 
6.000000 1.670656 -2.457610 -2.457610 
6.200000 1.173876 -2.097333 -2.097333 
6.400000 0.778460 -1.909757 -1.909757 
6.600000 0.436924 -1.872131 -1.872131 
6.800000 0.108989 -1.976704 -1.976704 
7.000000 -0.239010 -2.228191 -2.228191 
7.200000 -0.632409 -2.639313 -2.639313 
7.400000 -1.082736 -3.223916 -3.223916 
7.600000 -1.578187 -3.987719 -3.987719 
7.800000 -2.072092 -4.918659 -4.918659 
8.000000 -2.474436 -5.981412 -5.981412 
8.200000 -2.653566 -7.121994 -7.121994 
8.400000 -2.453699 -8.285361 -8.285361 
8.600000 -1.727753 -9.440969 -9.440969 
8.800000 -0.377385 -10.601899 -10.601899 
9.000000 1.611500 -11.820287 -11.820287 
9.200000 4.146494 -13.151076 -13.151076 
9.400000 7.022996 -14.595081 -14.595081 
9.600000 9.937569 -16.050224 -16.050224 
9.800000 12.526225 -17.303867 -17.303867 
10.000000 14.431965 -18.083145 -18.083145 
10.200000 15.391391 -18.149074 -18.149074 
10.400000 15.309962 -17.391606 -17.391606 
10.600000 14.289088 -15.877227 -15.877227 
10.800000 12.587856 -13.825728 -13.825728 
11.000000 10.536735 -11.532329 -11.532329 
11.200000 8.444084 -9.277533 -9.277533 
11.400000 6.532801 -7.264183 -7.264183 
11.600000 4.921182 -5.597482 -5.597482 
11.800000 3.638658 -4.299687 -4.299687 
12.000000 2.656931 -3.340500 -3.340500 
12.200000 1.920023 -2.666894 -2.666894 
12.400000 1.365189 -2.224352 -2.224352 
12.600000 0.933834 -1.968614 -1.968614 
12.800000 0.575167 -1.870383 -1.870383 
13.000000 0.246048 -1.915876 -1.915876 
13.200000 -0.089972 -2.105044 -2.105044 
13.400000 -0.462122 -2.447965 -2.447965 
13.600000 -0.888611 -2.959021 -2.959021 
13.800000 -1.368706 -3.648538 -3.648538 
14.000000 -1.871595 -4.512886 -4.512886 
14.200000 -2.325834 -5.526559 -5.526559 
14.400000 -2.615943 -6.641937 -6.641937 
14.600000 -2.592959 -7.801533 -7.801533 
14.800000 -2.101473 -8.961509 -8.961509 
15.000000 -1.018038 -10.115653 -10.115653 
15.200000 0.710073 -11.302461 -11.302461 
15.400000 3.036421 -12.581935 -12.581935 
15.600000 5.802632 -13.984588 -13.984588 
15.800000 8.743324 -15.455081 -15.455081 
16.000000 11.513159 -16.824031 -16.824031 
16.200000 13.742319 -17.833978 -17.833978 
16.400000 15.117803 -18.219165 -18.219165 
16.600000 15.468057 -17.806478 -17.806478 
16.800000 14.813896 -16.587674 -16.587674 
17.000000 13.357338 -14.725907 -14.725907 
17.200000 11.411123 -12.496338 -12.496338 
17.400000 9.302852 -10.195464 -10.195464 
17.600000 7.295827 -8.063349 -8.063349 
17.800000 5.551533 -6.245620 -6.245620 
18.000000 4.133011 -4.795796 -4.795796 
18.200000 3.031979 -3.701505 -3.701505 
18.400000 2.200826 -2.916017 -2.916017 
18.600000 1.577764 -2.383502 -2.383502 
18.800000 1.101691 -2.054531 -2.054531 
19.000000 0.718444 -1.893332 -1.893332 
19.200000 0.381832 -1.879778 -1.879778 
19.400000 0.052690 -2.008440 -2.008440 
19.600000 -0.301455 -2.285748 -2.285748 
19.800000 -0.704118 -2.725167 -2.725167 
20.000000 -1.163664 -3.339874 -3.339874 
