0.000000 1.000000 -2.000000 -2.000000 
0.100000 0.809020 -1.919541 -1.919541 
0.200000 0.632322 -1.876659 -1.876659 
0.300000 0.464598 -1.869804 -1.869804 
0.400000 0.300959 -1.898327 -1.898327 
0.500000 0.136910 -1.962390 -1.962390 
0.600000 -0.031634 -2.062849 -2.062849 
0.700000 -0.208286 -2.201109 -2.201109 
0.800000 -0.396059 -2.378937 -2.378937 
0.900000 -0.597179 -2.598236 -2.598236 
1.000000 -0.812819 -2.860768 -2.860768 
1.100000 -1.042773 -3.167852 -3.167852 
1.200000 -1.285087 -3.520030 -3.520030 
1.300000 -1.535668 -3.916751 -3.916751 
1.400000 -1.787933 -4.356108 -4.356108 
1.500000 -2.032539 -4.834670 -4.834670 
1.600000 -2.257272 -5.347479 -5.347479 
1.700000 -2.447139 -5.888242 -5.888242 
1.800000 -2.584736 -6.449756 -6.449756 
1.900000 -2.650881 -7.024548 -7.024548 
2.000000 -2.625533 -7.605691 -7.605691 
2.100000 -2.488924 -8.187687 -8.187687 
2.200000 -2.222841 -8.767288 -8.767288 
2.300000 -1.811936 -9.344106 -9.344106 
2.400000 -1.244985 -9.920831 -9.920831 
2.500000 -0.515973 -10.502968 -10.502968 
2.600000 0.375023 -11.098014 -11.098014 
2.700000 1.421220 -11.714097 -11.714097 
2.800000 2.608767 -12.358213 -12.358213 
2.900000 3.916648 -13.034256 -13.034256 
3.000000 5.316862 -13.741096 -13.741096 
3.100000 6.774922 -14.471038 -14.471038 
3.200000 8.250717 -15.208916 -15.208916 
3.300000 9.699836 -15.932066 -15.932066 
3.400000 11.075384 -16.611300 -16.611300 
3.500000 12.330290 -17.212869 -17.212869 
3.600000 13.420019 -17.701239 -17.701239 
3.700000 14.305476 -18.042404 -18.042404 
3.800000 14.955812 -18.207291 -18.207291 
3.900000 15.350807 -18.174841 -18.174841 
4.000000 15.482471 -17.934317 -17.934317 
4.100000 15.355632 -17.486537 -17.486537 
4.200000 14.987388 -16.843874 -16.843874 
4.300000 14.405469 -16.029048 -16.029048 
4.400000 13.645720 -15.072944 -15.072944 
4.500000 12.749043 -14.011759 -14.011759 
4.600000 11.758162 -12.883925 -12.883925 
4.700000 10.714616 -11.727160 -11.727160 
4.800000 9.656255 -10.575996 -10.575996 
4.900000 8.615436 -9.459975 -9.459975 
5.000000 7.617994 -8.402590 -8.402590 
5.100000 6.682928 -7.420942 -7.420942 
5.200000 5.822697 -6.525997 -6.525997 
5.300000 5.043938 -5.723272 -5.723272 
5.400000 4.348447 -5.013787 -5.013787 
5.500000 3.734252 -4.395114 -4.395114 
5.600000 3.196656 -3.862412 -3.862412 
5.700000 2.729174 -3.409354 -3.409354 
5.800000 2.324300 -3.028902 -3.028902 
5.900000 1.974103 -2.713918 -2.713918 
6.000000 1.670656 -2.457610 -2.457610 
6.100000 1.406315 -2.253843 -2.253843 
6.200000 1.173876 -2.097333 -2.097333 
6.300000 0.966649 -1.983748 -1.983748 
6.400000 0.778460 -1.909757 -1.909757 
6.500000 0.603630 -1.873015 -1.873015 
6.600000 0.436924 -1.872131 -1.872131 
6.700000 0.273520 -1.906598 -1.906598 
6.800000 0.108989 -1.976704 -1.976704 
6.900000 -0.060680 -2.083409 -2.083409 
7.000000 -0.239010 -2.228191 -2.228191 
7.100000 -0.428897 -2.412860 -2.412860 
7.200000 -0.632409 -2.639313 -2.639313 
7.300000 -0.850513 -2.909262 -2.909262 
7.400000 -1.082736 -3.223916 -3.223916 
7.500000 -1.326790 -3.583656 -3.583656 
7.600000 -1.578187 -3.987719 -3.987719 
7.700000 -1.829895 -4.433951 -4.433951 
7.800000 -2.072092 -4.918659 -4.918659 
7.900000 -2.292082 -5.436639 -5.436639 
8.000000 -2.474436 -5.981412 -5.981412 
8.100000 -2.601396 -6.545677 -6.545677 
8.200000 -2.653566 -7.121994 -7.121994 
8.300000 -2.610866 -7.703613 -7.703613 
8.400000 -2.453699 -8.285361 -8.285361 
8.500000 -2.164240 -8.864438 -8.864438 
8.600000 -1.727753 -9.440969 -9.440969 
8.700000 -1.133815 -10.018151 -10.018151 
8.800000 -0.377385 -10.601899 -10.601899 
8.900000 0.540371 -11.199920 -11.199920 
9.000000 1.611500 -11.820287 -11.820287 
9.100000 2.820945 -12.469614 -12.469614 
9.200000 4.146494 -13.151076 -13.151076 
9.300000 5.559013 -13.862535 -13.862535 
9.400000 7.022996 -14.595081 -14.595081 
9.500000 8.497505 -15.332263 -15.332263 
9.600000 9.937569 -16.050224 -16.050224 
9.700000 11.296090 -16.718846 -16.718846 
9.800000 12.526225 -17.303867 -17.303867 
9.900000 13.584150 -17.769771 -17.769771 
10.000000 14.431965 -18.083145 -18.083145 
10.100000 15.040463 -18.216066 -18.216066 
10.200000 15.391391 -18.149074 -18.149074 
10.300000 15.478903 -17.873322 -17.873322 
10.400000 15.309962 -17.391606 -17.391606 
10.500000 14.903594 -16.718150 -16.718150 
10.600000 14.289088 -15.877227 -15.877227 
10.700000 13.503365 -14.900822 -14.900822 
10.800000 12.587856 -13.825728 -13.825728 
10.900000 11.585287 -12.690450 -12.690450 
11.000000 10.536735 -11.532329 -11.532329 
11.100000 9.479230 -10.385164 -10.385164 
11.200000 8.444084 -9.277533 -9.277533 
11.300000 7.455985 -8.231860 -8.231860 
11.400000 6.532801 -7.264183 -7.264183 
11.500000 5.685949 -6.384493 -6.384493 
11.600000 4.921182 -5.597482 -5.597482 
11.700000 4.239586 -4.903515 -4.903515 
11.800000 3.638658 -4.299687 -4.299687 
11.900000 3.113342 -3.780848 -3.780848 
12.000000 2.656931 -3.340500 -3.340500 
12.100000 2.261809 -2.971551 -2.971551 
12.200000 1.920023 -2.666894 -2.666894 
12.300000 1.623675 -2.419828 -2.419828 
12.400000 1.365189 -2.224352 -2.224352 
12.500000 1.137443 -2.075335 -2.075335 
12.600000 0.933834 -1.968614 -1.968614 
12.700000 0.748277 -1.901023 -1.901023 
12.800000 0.575167 -1.870383 -1.870383 
12.900000 0.409343 -1.875456 -1.875456 
13.000000 0.246048 -1.915876 -1.915876 
13.100000 0.080922 -1.992052 -1.992052 
13.200000 -0.089972 -2.105044 -2.105044 
13.300000 -0.270062 -2.256401 -2.256401 
13.400000 -0.462122 -2.447965 -2.447965 
13.500000 -0.668055 -2.681621 -2.681621 
13.600000 -0.888611 -2.959021 -2.959021 
13.700000 -1.123038 -3.281257 -3.281257 
13.800000 -1.368706 -3.648538 -3.648538 
13.900000 -1.620721 -4.059884 -4.059884 
14.000000 -1.871595 -4.512886 -4.512886 
14.100000 -2.111023 -5.003591 -5.003591 
14.200000 -2.325834 -5.526559 -5.526559 
14.300000 -2.500170 -6.075133 -6.075133 
14.400000 -2.615943 -6.641937 -6.641937 
14.500000 -2.653568 -7.219586 -7.219586 
14.600000 -2.592959 -7.801533 -7.801533 
14.700000 -2.414726 -8.382953 -8.382953 
14.800000 -2.101473 -8.961509 -8.961509 
14.900000 -1.639105 -9.537844 -9.537844 
15.000000 -1.018038 -10.115653 -10.115653 
15.100000 -0.234220 -10.701231 -10.701231 
15.200000 0.710073 -11.302461 -11.302461 
15.300000 1.805708 -11.927303 -11.927303 
15.400000 3.036421 -12.581935 -12.581935 
15.500000 4.378814 -13.268759 -13.268759 
15.600000 5.802632 -13.984588 -13.984588 
15.700000 7.271378 -14.719273 -14.719273 
15.800000 8.743324 -15.455081 -15.455081 
15.900000 10.172996 -16.166996 -16.166996 
16.000000 11.513159 -16.824031 -16.824031 
16.100000 12.717277 -17.391493 -17.391493 
16.200000 13.742319 -17.833978 -17.833978 
16.300000 14.551663 -18.118766 -18.118766 
16.400000 15.117803 -18.219165 -18.219165 
16.500000 15.424497 -18.117379 -18.117379 
16.600000 15.468057 -17.806478 -17.806478 
16.700000 15.257555 -17.291229 -17.291229 
16.800000 14.813896 -16.587674 -16.587674 
16.900000 14.167856 -15.721564 -15.721564 
17.000000 13.357338 -14.725907 -14.725907 
17.100000 12.424212 -13.637998 -13.637998 
17.200000 11.411123 -12.496338 -12.496338 
17.300000 10.358614 -11.337820 -11.337820 
17.400000 9.302852 -10.195464 -10.195464 
17.500000 8.274077 -9.096857 -9.096857 
17.600000 7.295827 -8.063349 -8.063349 
17.700000 6.384844 -7.109923 -7.109923 
17.800000 5.551533 -6.245620 -6.245620 
17.900000 4.800786 -5.474331 -5.474331 
18.000000 4.133011 -4.795796 -4.795796 
18.100000 3.545207 -4.206667 -4.206667 
18.200000 3.031979 -3.701505 -3.701505 
18.300000 2.586421 -3.273665 -3.273665 
18.400000 2.200826 -2.916017 -2.916017 
18.500000 1.867226 -2.621496 -2.621496 
18.600000 1.577764 -2.383502 -2.383502 
18.700000 1.324930 -2.196172 -2.196172 
18.800000 1.101691 -2.054531 -2.054531 
18.900000 0.901529 -1.954584 -1.954584 
19.000000 0.718444 -1.893332 -1.893332 
19.100000 0.546909 -1.868758 -1.868758 
19.200000 0.381832 -1.879778 -1.879778 
19.300000 0.218524 -1.926162 -1.926162 
19.400000 0.052690 -2.008440 -2.008440 
19.500000 -0.119526 -2.127764 -2.127764 
19.600000 -0.301455 -2.285748 -2.285748 
19.700000 -0.495742 -2.484260 -2.484260 
19.800000 -0.704118 -2.725167 -2.725167 
19.900000 -0.927105 -3.010049 -3.010049 
20.000000 -1.163664 -3.339874 -3.339874 
